---
CreeperKtNUGGET: 342.000000
NyToiTenOanh99: 120.400000
GameYapper87686: 1
DuyAnh187: 108.300000
YolkyFlameMuChi: 22.800000
MineHotDASDE: 82.500000
NhansuDang90: 219.300000
TheMonsterkun: 54.900000
Sikelonton: 41.800000
takazuky: 112.600000
Yukino Yakumi: 92.500000
YOURICK25: 4.000000
ZzTauRusVNzZ: 192.600000
SeaBeast9386999: 1
NightmareZero69: 54.000000
minhman974: 19.900000
RoundCarp55965: 1.300000
MrDinoDuck: 15.400000
GirlMeoCute: 180.300000
heomcpez: 2.200000
CreamCarmex: 1
KNMinerProGamer: 1.900000
kkboss28: 126.000000
DaPineappol: 1
SeoRosat: 3.400000
thissocute: 88.900000
White02012001: 616.500000
Zaraidk: 1
Kyleesquid: 1
EveryYeti52718: 48.300000
ShakerPlayer857: 183.900000
khoatruongvn: 1
BalloonBand283: 21.400000
SassyPenguin13: 1
YasuoSSK: 264.900000
ZsmKingDarkmsZ: 101.100000
moonfairy45: 1
ZioDragon4837: 1
PrimePopcorn804: 38.200000
UnluckyZoo96185: 37.000000
ScariestBear798: 241.200000
StrayPine732910: 9.600000
Tranminhpro2630: 138.700000
ZzNghizZ: 38.500000
Halcyonkiko03: 1
MeetingHealer20: 8.800000
ChickenVN123: 54.100000
TuiKoCoProOK: 1.900000
TionDepTrai: 124.800000
Furybede: 7.600000
TwinCrayfish534: 82.000000
TuiDepTraii: 2.200000
promasterocelot: 1
KhanTheJake6302: 136.200000
Thankhoaito: 7.000000
hacgaha: 115.000000
Fananrinmoi: 112.800000
SsKhangsS: 35.100000
HaNaKiSenZu: 23.800000
Meiidethuongg: 1
Nasus1000Q: 49.500000
MeoAnh: 7.600000
LonMongManh69: 6.700000
BicyclicPine880: 231.600000
KidLoveAnime099: 582.000000
BatCraft VN: 6.700000
NutGamerXx: 1
TuiLaHotBoy: 123.300000
IAmTheStorm147: 1
PedrocaXLR8: 28.900000
HanaTheKid: 3.400000
SundryPakChi: 173.700000
SkyGamingBlue: 1.300000
Ba0kir: 2.200000
AmethystLily118: 1
HiKunNe: 3.700000
DonCollyDung: 98.400000
AZMODDER: 1
DeepTillDead: 1
kcgym1008: 1.300000
TheZeroNineOP: 1
TheEagleOP: 1
Irwin Family 04: 1
Makiboiii: 1
CaoGia45: 5.500000
MustyDragon154: 65.200000
dumacc123: 164.700000
UnDeThuong: 119.400000
Lavacreeper000: 1
chutichquoc: 7.300000
FinerSquid45167: 72.600000
Brcnzelll: 21.900000
KingToken1020: 1
NhoxSaoBang: 1
TabooHorizon655: 1
Shikorii: 2.200000
creeperEndervn: 300.000000
gnhan5554: 1
Miyu1021: 3.400000
Watergamer1: 59.200000
xXxKevinStarxXx: 17.200000
arush the best: 1
CreeperBoy2403: 3.400000
DarkCrusader113: 1
luuthien18: 38.200000
Anticoolkid: 1
PutDanTDM: 1
siverfoxb: 8.500000
OpponentAphid50: 1
MIXI Fan: 300.000000
MinhRTVN: 65.700000
Zenda09122002: 0
Rizky Craft150: 1
VNNVVung2004: 41.800000
SsCutesS: 70.600000
DontForgetMe192: 16.500000
DragonAuthesi: 108.600000
gundambear9559: 43.300000
realmew5: 1
DragonSin22: 1
MinhChau2003: 8.400000
OverwatchEnderV: 3.700000
vnc0908: 1
NarutoSass124: 1
Fananrinnha: 103.300000
killzonc924: 1
NoobPvP2k3: 1
CyanBull17: 1
YayBaconAndEggs: 1
AudioPlate12813: 1
GamerPhineox: 1
STGhast666: 2.200000
DyChuot0308: 60.100000
Fananrinnhe: 1
craftmo: 2.200000
Mondethuong: 2.100000
CollyDung: 0
The3TMcPe: 25.300000
ZappiestFish632: 1
SearSquash22692: 39.900000
...
