---
version: 2
point:
  yolkyflamemuchi: 2.000000
  minehotdasde: 0
  tuideptraii: 132.000000
  doncollydung: 2.000000
  undethuong: 0
  brcnzelll: 0
  straypine732910: 0
  balloonband283: 125.000000
  scariestbear798: 2.000000
  kingtoken1020: 0
  duyanh187: 91.000000
  nightmarezero69: 10.000000
  sikelonton: 0
  miyu1021: 280.000000
  nhansudang90: 3.000000
  kidloveanime099: 2.000000
  kkboss28: 20.000000
  roundcarp55965: 0
  seorosat: 42.000000
  phuongnghivn: 0
  mrdinoduck: 0
  watergamer1: 0
  creeperktnugget: 0
  zztaurusvnzz: 2.000000
  xxxkevinstarxxx: 0
  nasus1000q: 0.000000
  white02012001: 1050.000000
  arush the best: 0
  creeperboy2403: 0
  fananrinmoi: 4.000000
  darkcrusader113: 0
  mustydragon154: 0
  luuthien18: 0
  yukino yakumi: 0
  anticoolkid: 0
  putdantdm: 0
  yasuossk: 0
  everyyeti52718: 143.000000
  siverfoxb: 0
  shakerplayer857: 8.000000
  opponentaphid50: 0
  meoanh: 0
  mixi fan: 0
  minhrtvn: 0
  dumacc123: 0
  tuilahotboy: 0.000000
  zsmkingdarkmsz: 683.000000
  hacgaha: 2.000000
  finersquid45167: 2.000000
  creeperendervn: 0
  zenda09122002: 0
  sskhangss: 0
  rizky craft150: 0
  vnnvvung2004: 2.000000
  zznghizz: 0
  sscutess: 0
  nytoitenoanh99: 350.000000
  shikorii: 0
  twincrayfish534: 0
  dontforgetme192: 0
  dragonauthesi: 18.000000
  gundambear9559: 0
  realmew5: 0
  stylemc119: 0
  minhchau2003: 0
  dragonsin22: 0
  themonsterkun: 1.000000
  overwatchenderv: 0
  kingrosesvn: 0
  mondethuong: 102.000000
  vnc0908: 0
  narutosass124: 0
  fananrinnha: 0
  killzonc924: 0
  noobpvp2k3: 0
  taboohorizon655: 0
  cyanbull17: 0
  yaybaconandeggs: 0
  audioplate12813: 0
  minhman974: 24.000000
  gamerphineox: 0
  moonfairy45: 0
  stghast666: 0
  meetinghealer20: 0
  dychuot0308: 2.000000
  nhoxsaobang: 0
  fananrinnhe: 0
  amethystlily118: 2.000000
  craftmo: 8.000000
  anhsharks: 0
  sadbuinguyen: 0
  rufus02281: 0
  swee12345: 0
  alexanderxx2024: 0
  collydung: 0
  the3tmcpe: 0
  bicyclicpine880: 2.000000
  khanthejake6302: 2.000000
  zappiestfish632: 0
  searsquash22692: 0
  heomcpez: 0
  sundrypakchi: 0
  smarmyferret808: 0
  huygaming200827: 0
  lonmongmanh69: 0
...
